0.0 20.962382867562184 
181.8080808080808 9.560103593139456 
363.6161616161616 7.818647037597677 
545.4242424242424 7.006962284636159 
727.2323232323232 6.533800555395864 
909.040404040404 6.224859632592079 
1090.8484848484848 6.0104378168677 
1272.6565656565656 5.852731308111491 
1454.4646464646464 5.728225644312811 
1636.2727272727273 5.631770482282403 
1818.080808080808 5.551826924170028 
1999.888888888889 5.485451862400143 
2181.6969696969695 5.430383542389644 
2363.5050505050503 5.382952342393083 
2545.313131313131 5.342828212757722 
2727.121212121212 5.308524647119549 
2908.929292929293 5.278369914562816 
3090.7373737373737 4.791923652644781 
3272.5454545454545 4.398961065533233 
3454.3535353535353 4.2622660657214295 
3636.161616161616 4.205736620630223 
3817.969696969697 4.1777632139331935 
3999.777777777778 4.161605134818369 
4181.585858585859 4.1506105903811905 
4363.393939393939 4.141869945325667 
4545.20202020202 3.962579140406579 
4727.010101010101 3.779033853182769 
4908.818181818182 3.7012762693109384 
5090.626262626262 3.65040136772004 
5272.434343434344 3.6135194186175443 
5454.242424242424 3.5850594023621536 
5636.050505050505 3.5622412375875747 
5817.858585858586 3.5439036223674565 
5999.666666666666 3.528888675275919 
6181.474747474747 3.516082685026678 
6363.282828282828 3.505000881714629 
6545.090909090909 3.4950952352894875 
6726.898989898989 3.486282906818806 
6908.707070707071 3.4783081124237776 
7090.515151515151 3.4711890770857208 
7272.323232323232 3.4646526321854356 
7454.131313131313 3.4585925766759034 
7635.939393939394 3.262011550146172 
7817.747474747474 3.155967144891353 
7999.555555555556 3.113771020302513 
8181.363636363636 3.0950162747952414 
8363.171717171717 3.0855377638984898 
8544.979797979799 3.0800211621707616 
8726.787878787878 3.0762211905152266 
8908.59595959596 3.0732369161394324 
9090.40404040404 2.9673104180679704 
9272.21212121212 2.9244118912765655 
9454.020202020201 2.9009172911011314 
9635.828282828283 2.883799749508509 
9817.636363636364 2.8703436579854924 
9999.444444444443 2.8593416106850684 
10181.252525252525 2.8499464952436697 
10363.060606060606 2.8418560834411832 
10544.868686868687 2.834812885010762 
10726.676767676767 2.8286302172822433 
10908.484848484848 2.8231681578697954 
11090.29292929293 2.818360620156941 
11272.10101010101 2.814053911187374 
11453.90909090909 2.8101899948552824 
11635.717171717171 2.8066564806903114 
11817.525252525253 2.80343748353315 
11999.333333333332 2.8001990645283987 
12181.141414141413 2.7062807002911935 
12362.949494949495 2.6694542016820986 
12544.757575757576 2.652965105006191 
12726.565656565655 2.6449021590605426 
12908.373737373737 2.6405096046611987 
13090.181818181818 2.637797313155967 
13271.9898989899 2.635860179347592 
13453.797979797979 2.6343025723503413 
13635.60606060606 2.572420961792931 
13817.414141414141 2.555497829222402 
13999.222222222223 2.5442653371853687 
14181.030303030302 2.5354357177925375 
14362.838383838383 2.527839315910652 
14544.646464646465 2.5213503625699287 
14726.454545454544 2.5157049299256724 
14908.262626262625 2.510583580884113 
15090.070707070707 2.5059850521565545 
15271.878787878788 2.501985348858871 
15453.686868686867 2.4982787071863712 
15635.494949494949 2.494783422182799 
15817.30303030303 2.491728632381733 
15999.111111111111 2.488863656898801 
16180.91919191919 2.486028511961092 
16362.727272727272 2.4836650959835844 
16544.535353535353 2.4661106338939005 
16726.343434343435 2.430922910763537 
16908.151515151516 2.4156312450443895 
17089.959595959597 2.408177017492368 
17271.767676767675 2.404268877507104 
17453.575757575756 2.4020635765944425 
17635.383838383837 2.4006819659218404 
17817.19191919192 2.399700537573732 
17999.0 2.3989183674066132 
