0.0 11.81425207394948 
181.8080808080808 3.712574110703386 
363.6161616161616 2.867012061596116 
545.4242424242424 2.5527667983894573 
727.2323232323232 2.3958351959314665 
909.040404040404 2.301432375903602 
1090.8484848484848 2.2372609642585237 
1272.6565656565656 2.1916374903183042 
1454.4646464646464 2.1579003427861467 
1636.2727272727273 2.131728251926647 
1818.080808080808 2.1108609472437383 
1999.888888888889 2.093802441593779 
2181.6969696969695 2.0795886818008045 
2363.5050505050503 2.0675654968896304 
2545.313131313131 2.0571313020372353 
2727.121212121212 2.0479526055251087 
2908.929292929293 2.039897102379303 
3090.7373737373737 2.028171669452412 
3272.5454545454545 2.0187561385644255 
3454.3535353535353 2.013400414188791 
3636.161616161616 2.0101474521879927 
3817.969696969697 2.008074998701258 
3999.777777777778 2.006706733125453 
4181.585858585859 2.005774861723553 
4363.393939393939 2.005127009720758 
4545.20202020202 1.9949079507565195 
4727.010101010101 1.982356694954883 
4908.818181818182 1.9752579780405415 
5090.626262626262 1.9696177235202472 
5272.434343434344 1.9647705168812712 
5454.242424242424 1.9605221735916465 
5636.050505050505 1.9566662776071104 
5817.858585858586 1.9531304349377971 
5999.666666666666 1.9499083471689758 
6181.474747474747 1.946966572386207 
6363.282828282828 1.9442289850540622 
6545.090909090909 1.9417123138411123 
6726.898989898989 1.9394119797538738 
6908.707070707071 1.937295771077745 
7090.515151515151 1.935310186873369 
7272.323232323232 1.9334797553834617 
7454.131313131313 1.9318014666288683 
7635.939393939394 1.9277509798615151 
7817.747474747474 1.9249030123309208 
7999.555555555556 1.923167666294259 
8181.363636363636 1.9220479406880888 
8363.171717171717 1.9212968304358378 
8544.979797979799 1.9207795224265183 
8726.787878787878 1.9204139029925917 
8908.59595959596 1.920148822831228 
9090.40404040404 1.9151444691101802 
9272.21212121212 1.9114584335176856 
9454.020202020201 1.9089220226457457 
9635.828282828283 1.906857078259792 
9817.636363636364 1.9051081162734342 
9999.444444444443 1.903534927816192 
10181.252525252525 1.9021139506321751 
10363.060606060606 1.900845067166877 
10544.868686868687 1.8997211425867104 
10726.676767676767 1.8987135041285246 
10908.484848484848 1.8977430134917954 
11090.29292929293 1.896898741453244 
11272.10101010101 1.8961460999765474 
11453.90909090909 1.8954432480234205 
11635.717171717171 1.8947463402698002 
11817.525252525253 1.8941007055741417 
11999.333333333332 1.8934737020769845 
12181.141414141413 1.8910952849993616 
12362.949494949495 1.889784612265576 
12544.757575757576 1.8889884247224242 
12726.565656565655 1.8884776131405023 
12908.373737373737 1.8881364617960419 
13090.181818181818 1.8879023421840466 
13271.9898989899 1.88773660224189 
13453.797979797979 1.8876151949483773 
13635.60606060606 1.8844324544504236 
13817.414141414141 1.882830147316209 
13999.222222222223 1.8816860150905663 
14181.030303030302 1.880789128321812 
14362.838383838383 1.8799414118563518 
14544.646464646465 1.8792451470061542 
14726.454545454544 1.8787106747004678 
14908.262626262625 1.8782399549206945 
15090.070707070707 1.8778242857436425 
15271.878787878788 1.87747987583548 
15453.686868686867 1.8770440919171039 
15635.494949494949 1.87658121476782 
15817.30303030303 1.8761727338688272 
15999.111111111111 1.8759914042331398 
16180.91919191919 1.8757976846605129 
16362.727272727272 1.8754793287058256 
16544.535353535353 1.874722425991576 
16726.343434343435 1.8734133508317723 
16908.151515151516 1.8727075754083626 
17089.959595959597 1.8722927802924765 
17271.767676767675 1.8720339323899728 
17453.575757575756 1.8718665816805191 
17635.383838383837 1.871755031418745 
17817.19191919192 1.8716776669028021 
17999.0 1.8716215731724217 
