0.0 3.894988842328895 
60.5959595959596 1.5551388474845416 
121.1919191919192 1.5142511507780594 
181.7878787878788 1.501751851509833 
242.3838383838384 1.49516790562942 
302.979797979798 1.491021009937286 
363.5757575757576 1.4885681578024534 
424.1717171717172 1.4865717048301712 
484.7676767676768 1.484971558574995 
545.3636363636364 1.4832229079531982 
605.959595959596 1.4825217860585718 
666.5555555555555 1.4815426507362224 
727.1515151515152 1.4808299258033808 
787.7474747474748 1.4803420886069567 
848.3434343434344 1.4794929653045485 
908.939393939394 1.4788249235159099 
969.5353535353536 1.478712291808521 
1030.1313131313132 1.4718690932311016 
1090.7272727272727 1.4665110696420094 
1151.3232323232323 1.4649350674777581 
1211.919191919192 1.4646204680647614 
1272.5151515151515 1.4646601488618003 
1333.111111111111 1.464760842993642 
1393.7070707070707 1.4648457759055376 
1454.3030303030305 1.4649046955012106 
1514.89898989899 1.464432585554492 
1575.4949494949497 1.4638628219919836 
1636.0909090909092 1.4623208209896195 
1696.6868686868688 1.4614254009309515 
1757.2828282828284 1.4603296389297071 
1817.878787878788 1.4597325939625836 
1878.4747474747476 1.4590221434331985 
1939.0707070707072 1.458672440778564 
1999.6666666666667 1.458392159322119 
2060.2626262626263 1.4577542005633417 
2120.858585858586 1.457694699225099 
2181.4545454545455 1.4572319607290989 
2242.0505050505053 1.4569925623028934 
2302.6464646464647 1.4571453837860346 
2363.2424242424245 1.4564709200379704 
2423.838383838384 1.4561672549200864 
2484.4343434343436 1.4556506075974065 
2545.030303030303 1.4549265757236907 
2605.626262626263 1.4549277742759719 
2666.222222222222 1.4549490976950556 
2726.818181818182 1.4549668205698005 
2787.4141414141413 1.4549791999297534 
2848.010101010101 1.4549871876869536 
2908.606060606061 1.4549921335031826 
2969.2020202020203 1.4549951195791981 
3029.79797979798 1.4551348378698408 
3090.3939393939395 1.4554167816301966 
3150.9898989898993 1.454877935315142 
3211.5858585858587 1.4545440653286474 
3272.1818181818185 1.4544444882908811 
3332.777777777778 1.4540760378120838 
3393.3737373737376 1.4540229634781283 
3453.969696969697 1.4533460222245538 
3514.565656565657 1.4536525616323472 
3575.161616161616 1.453416105338798 
3635.757575757576 1.4531244272509607 
3696.3535353535353 1.4529821528182023 
3756.949494949495 1.4530128796838389 
3817.5454545454545 1.4527339496178682 
3878.1414141414143 1.4525174978833921 
3938.737373737374 1.452614710481173 
3999.3333333333335 1.4522777211846716 
4059.9292929292933 1.4520961721391066 
4120.525252525253 1.4521262309353378 
4181.121212121212 1.4521428808688996 
4241.717171717172 1.4521526572515873 
4302.313131313132 1.4521583419888835 
4362.909090909091 1.452161600008718 
4423.50505050505 1.4521634411819186 
4484.101010101011 1.45216446901014 
4544.69696969697 1.4525735563563793 
4605.292929292929 1.4524188364685753 
4665.888888888889 1.4518371829766488 
4726.484848484849 1.4521748212678267 
4787.080808080808 1.451981022444481 
4847.676767676768 1.4516553497891844 
4908.272727272728 1.4519145003010503 
4968.868686868687 1.451205878500853 
5029.464646464647 1.4514314039510472 
5090.060606060606 1.4512725550123637 
5150.656565656566 1.4512149108217893 
5211.252525252526 1.45096949321627 
5271.848484848485 1.4512694545664477 
5332.444444444444 1.450939983322448 
5393.040404040405 1.4508639232624252 
5453.636363636364 1.4508825217228885 
5514.232323232323 1.450903186756966 
5574.828282828283 1.450967636412114 
5635.424242424243 1.450991965371403 
5696.020202020202 1.4510033177333352 
5756.616161616162 1.4510091375220302 
5817.212121212122 1.45101220240935 
5877.808080808081 1.4510138267208974 
5938.404040404041 1.45101468633176 
5999.0 1.4510151392299024 
