0.0 19.626022076492998 
90.8989898989899 7.966133912963391 
181.7979797979798 4.949613403426026 
272.6969696969697 3.5339320398139913 
363.5959595959596 2.7468312066684524 
454.4949494949495 2.2745745327092406 
545.3939393939394 1.9683428648770527 
636.2929292929293 1.7558365165947785 
727.1919191919192 1.6051702582309053 
818.090909090909 1.4966806015182221 
908.989898989899 1.4144802761830844 
999.8888888888889 1.3505051880546386 
1090.7878787878788 1.301068643054467 
1181.6868686868686 1.2621196261980172 
1272.5858585858587 1.2304207789121933 
1363.4848484848485 1.2060105881381138 
1454.3838383838383 1.1875501821735397 
1545.2828282828282 1.174134726626838 
1636.181818181818 1.1649607827336608 
1727.080808080808 1.1600010106891514 
1817.979797979798 1.1584344116395693 
1908.8787878787878 1.159339155758584 
1999.7777777777778 1.1627004773705587 
2090.6767676767677 1.1685519769439068 
2181.5757575757575 1.176029332695004 
2272.4747474747473 1.1846763879003728 
2363.373737373737 1.195026348178126 
2454.272727272727 1.2068904725554248 
2545.1717171717173 1.2195063356865972 
2636.070707070707 1.2334277275880237 
2726.969696969697 1.248794308562356 
2817.868686868687 1.2640797579569665 
2908.7676767676767 1.2801391205985424 
2999.6666666666665 1.2971331462026994 
3090.5656565656564 1.3142979627201725 
3181.464646464646 1.330251895801829 
3272.363636363636 1.3466018416675765 
3363.2626262626263 1.363184096646455 
3454.161616161616 1.3792086947023334 
3545.060606060606 1.395402060319104 
3635.959595959596 1.4105641352423386 
3726.8585858585857 1.4249338469797774 
3817.7575757575755 1.4392513852145559 
3908.6565656565654 1.453450632501851 
3999.5555555555557 1.4668332102237571 
4090.4545454545455 1.479881406481689 
4181.353535353535 1.4932734835245787 
4272.252525252525 1.5063354630326293 
4363.151515151515 1.518435871354432 
4454.050505050505 1.5299419039104185 
4544.949494949495 1.5413325951462022 
4635.848484848485 1.5519669005611654 
4726.747474747474 1.562577420408806 
4817.646464646465 1.5731152009235185 
4908.545454545454 1.582674428622581 
4999.444444444444 1.591425253153981 
5090.343434343435 1.6000700301788464 
5181.242424242424 1.6086436351619366 
5272.141414141414 1.6164497390973545 
5363.040404040404 1.6240694187878553 
5453.939393939394 1.6316830650906566 
5544.838383838383 1.6383025428104947 
5635.737373737374 1.6445648681512437 
5726.636363636363 1.6509233426865684 
5817.535353535353 1.6565361529120872 
5908.434343434344 1.661766199993441 
5999.333333333333 1.6672734136246457 
6090.232323232323 1.6725578757160042 
6181.131313131313 1.6773112794570189 
6272.030303030303 1.6813666157286429 
6362.929292929292 1.6853248975742712 
6453.828282828283 1.6892659377909334 
6544.727272727272 1.6931406233124815 
6635.626262626262 1.6967331686623113 
6726.525252525253 1.6998156739942467 
6817.424242424242 1.7025119487740288 
6908.323232323232 1.7049397448184735 
6999.222222222222 1.7073905032645444 
7090.121212121212 1.7096617731479125 
7181.020202020201 1.7119682463857488 
7271.919191919192 1.7141418569117681 
7362.818181818182 1.716192363914632 
7453.717171717171 1.7178562814575464 
7544.616161616162 1.7191557038791432 
7635.515151515151 1.7205710020145892 
7726.414141414141 1.722014373561575 
7817.313131313131 1.7236432196830787 
7908.212121212121 1.7249953633106407 
7999.111111111111 1.7259493795483776 
8090.010101010101 1.726837331569998 
8180.909090909091 1.7276652886221038 
8271.808080808081 1.7284077965470768 
8362.70707070707 1.7294823218339563 
8453.60606060606 1.7305758391643842 
8544.50505050505 1.7311838037845535 
8635.40404040404 1.7315902258273552 
8726.30303030303 1.7320587484551464 
8817.20202020202 1.7326554603160458 
8908.10101010101 1.7332156651335042 
8999.0 1.7338296354739704 
