0.0 105.04229594706999 
90.8989898989899 119.58208528173556 
181.7979797979798 282.07678419574125 
272.6969696969697 329.86687616951576 
363.5959595959596 292.4184149180603 
454.4949494949495 347.16570170042655 
545.3939393939394 326.30483760390126 
636.2929292929293 318.22497611853214 
727.1919191919192 249.27397600309854 
818.090909090909 294.3570574639473 
908.989898989899 284.6783387350696 
999.8888888888889 312.6168250415127 
1090.7878787878788 295.12283307645106 
1181.6868686868686 295.3257013001133 
1272.5858585858587 272.0742976499174 
1363.4848484848485 267.3548839098521 
1454.3838383838383 284.5561005806493 
1545.2828282828282 272.9382916146287 
1636.181818181818 300.25111375392527 
1727.080808080808 260.4665844381024 
1817.979797979798 288.4413214629727 
1908.8787878787878 222.6608565254312 
1999.7777777777778 249.12861238202083 
2090.6767676767677 210.92247425868072 
2181.5757575757575 210.09142052520855 
2272.4747474747473 233.88986537105362 
2363.373737373737 254.66085065232446 
2454.272727272727 294.03019757699343 
2545.1717171717173 250.49074402762182 
2636.070707070707 295.0571991685987 
2726.969696969697 205.15624108164008 
2817.868686868687 248.1222460073235 
2908.7676767676767 235.6028696976588 
2999.6666666666665 263.07481510755565 
3090.5656565656564 274.73435077004524 
3181.464646464646 255.86044215423343 
3272.363636363636 288.3693230471807 
3363.2626262626263 260.88428818326895 
3454.161616161616 252.5539151521928 
3545.060606060606 244.0324442593534 
3635.959595959596 280.3219280801829 
3726.8585858585857 221.4758054195479 
3817.7575757575755 218.8260867621123 
3908.6565656565654 222.0429131322697 
3999.5555555555557 242.13562144208944 
4090.4545454545455 335.7860615871018 
4181.353535353535 253.64249527542165 
4272.252525252525 262.6140732172195 
4363.151515151515 238.05679839370907 
4454.050505050505 214.35423527156823 
4544.949494949495 225.63968304481645 
4635.848484848485 261.93476185367274 
4726.747474747474 310.11593585354956 
4817.646464646465 230.4200587186417 
4908.545454545454 245.39040574410885 
4999.444444444444 270.6737159379353 
5090.343434343435 300.03884932576034 
5181.242424242424 307.12997944093405 
5272.141414141414 275.03254300210915 
5363.040404040404 220.92616339456092 
5453.939393939394 306.3100717541818 
5544.838383838383 306.1764616378727 
5635.737373737374 309.8985394029299 
5726.636363636363 280.7322491841843 
5817.535353535353 301.42369177697793 
5908.434343434344 260.77349095617 
5999.333333333333 234.56535955589126 
6090.232323232323 325.05977538461457 
6181.131313131313 311.1375127889353 
6272.030303030303 248.52303379506435 
6362.929292929292 247.26245101807328 
6453.828282828283 272.944545401326 
6544.727272727272 260.2997860077921 
6635.626262626262 207.2149544327681 
6726.525252525253 221.0839848432137 
6817.424242424242 294.9969582899314 
6908.323232323232 329.6484496931381 
6999.222222222222 216.33770057241125 
7090.121212121212 231.4517820176625 
7181.020202020201 389.95550587331667 
7271.919191919192 227.36600335752593 
7362.818181818182 282.150501371479 
7453.717171717171 367.4502629278566 
7544.616161616162 220.25878433174017 
7635.515151515151 289.14937780134085 
7726.414141414141 249.036163439863 
7817.313131313131 322.29409593923424 
7908.212121212121 239.50376127868765 
7999.111111111111 265.3771081808761 
8090.010101010101 263.9689418515594 
8180.909090909091 399.0992863192595 
8271.808080808081 204.28987639430977 
8362.70707070707 243.2567319609276 
8453.60606060606 332.0975939023032 
8544.50505050505 345.96722533332456 
8635.40404040404 255.44806507138077 
8726.30303030303 242.22886306173478 
8817.20202020202 262.7804751455332 
8908.10101010101 252.85540601035385 
8999.0 439.71576860027017 
