0.0 11.163070009804553 
303.020202020202 2.4988391071638687 
606.040404040404 1.7047891540647722 
909.060606060606 1.4193570174982917 
1212.080808080808 1.277518561798657 
1515.1010101010102 1.1915993700474332 
1818.121212121212 1.1351346712502208 
2121.1414141414143 1.095170083188131 
2424.161616161616 1.0655053613835175 
2727.181818181818 1.0424580883605108 
3030.2020202020203 1.0242958431013542 
3333.222222222222 1.0092694488382683 
3636.242424242424 0.9963780165742914 
3939.2626262626263 0.9859290733979823 
4242.282828282829 0.9771230101088758 
4545.30303030303 0.9683110847861857 
4848.323232323232 0.961671044114007 
5151.343434343435 0.9553732488008315 
5454.363636363636 0.949479883152586 
5757.383838383838 0.9449600302186802 
6060.404040404041 0.9399162706662451 
6363.424242424242 0.9364126771379496 
6666.444444444444 0.9325349185268937 
6969.464646464647 0.929052844893437 
7272.484848484848 0.9261125340678213 
7575.50505050505 0.9229501265807168 
7878.525252525253 0.9206493674691818 
8181.545454545455 0.9178747980170777 
8484.565656565657 0.9159294087223646 
8787.585858585859 0.9137639148485815 
9090.60606060606 0.9116046916004539 
9393.626262626263 0.9099637975670654 
9696.646464646465 0.9081540755732886 
9999.666666666666 0.9062988554723252 
10302.68686868687 0.9050925146871939 
10605.70707070707 0.9031951958614493 
10908.727272727272 0.9018996736184942 
11211.747474747475 0.9009935408215641 
11514.767676767677 0.899220094403138 
11817.787878787878 0.8981073903737834 
12120.808080808081 0.8976049757764595 
12423.828282828283 0.8961626070578971 
12726.848484848484 0.8951057702195606 
13029.868686868687 0.8942632947640288 
13332.888888888889 0.8936161403731956 
13635.90909090909 0.8926039939019456 
13938.929292929293 0.8917029887151007 
14241.949494949495 0.891470128738419 
14544.969696969696 0.8902044181304299 
14847.9898989899 0.8897250686222479 
15151.0101010101 0.8891285658127337 
15454.030303030304 0.8882302411394548 
15757.050505050505 0.887793621448 
16060.070707070707 0.8870161983848494 
16363.09090909091 0.8865081330360098 
16666.11111111111 0.8862729710344696 
16969.131313131315 0.8853426501140715 
17272.151515151516 0.8851546794610814 
17575.171717171717 0.8847032382358324 
17878.19191919192 0.8839130259216958 
18181.21212121212 0.8837147492614552 
18484.23232323232 0.8831268422190373 
18787.252525252527 0.8826338303243277 
19090.272727272728 0.8826598523318393 
19393.29292929293 0.8820414443998409 
19696.31313131313 0.881725771665254 
19999.333333333332 0.8816457478529498 
20302.353535353537 0.8809088693998866 
20605.37373737374 0.8806471998446581 
20908.39393939394 0.8807203399122584 
21211.41414141414 0.8800590638577299 
21514.434343434343 0.8797512738708313 
21817.454545454544 0.8797478859806288 
22120.47474747475 0.8791403079454607 
22423.49494949495 0.8789724739449688 
22726.515151515152 0.878693084564613 
23029.535353535353 0.8785589789762418 
23332.555555555555 0.8783695954065506 
23635.575757575756 0.8781954005149841 
23938.59595959596 0.8778033193903836 
24241.616161616163 0.8775423655775244 
24544.636363636364 0.8773909855843199 
24847.656565656565 0.8769973653630012 
25150.676767676767 0.8768660061423805 
25453.696969696968 0.8766896287354717 
25756.717171717173 0.8765775280426538 
26059.737373737375 0.8765023920449813 
26362.757575757576 0.8758619481624588 
26665.777777777777 0.8762004743804557 
26968.79797979798 0.8758537130768462 
27271.81818181818 0.8754413847201409 
27574.838383838385 0.8756305183245353 
27877.858585858587 0.8752038932019617 
28180.878787878788 0.8751561088718973 
28483.89898989899 0.8747745971133377 
28786.91919191919 0.8747360034388282 
29089.939393939392 0.8746234071332566 
29392.959595959597 0.8744910290245348 
29695.9797979798 0.8741232967837728 
29999.0 0.8742362438430247 
